1,0,0
2,0,0
3,1,1
4,2,1
5,3,1
6,4,1
7,5,1
8,6,1
9,7,1
10,8,1
11,9,1
12,10,1
13,11,1
14,12,1
15,13,1
16,14,1
17,15,1
18,16,1
19,17,1
20,18,1
21,19,1
22,20,1
23,21,1
24,22,1
25,23,1
26,24,1
27,25,1
28,26,1
29,27,1
30,28,1
31,29,1
32,30,1
33,31,1
34,32,1
35,33,1
36,34,1
37,35,1
38,36,1
39,37,1
40,38,1
41,39,1
42,40,1
43,41,1
44,42,1
45,43,1
46,44,1
47,45,1
48,46,1
49,47,1
50,48,1
4,1,1
3,2,1
6,3,1
5,4,1
8,5,1
7,6,1
10,7,1
9,8,1
12,9,1
11,10,1
14,11,1
13,12,1
16,13,1
15,14,1
18,15,1
17,16,1
20,17,1
19,18,1
22,19,1
21,20,1
24,21,1
23,22,1
26,23,1
25,24,1
28,25,1
27,26,1
30,27,1
29,28,1
32,29,1
31,30,1
34,31,1
33,32,1
36,33,1
35,34,1
38,35,1
37,36,1
40,37,1
39,38,1
42,39,1
41,40,1
44,41,1
43,42,1
46,43,1
45,44,1
48,45,1
47,46,1
50,47,1
49,48,1
5,2,2
3,3,2
7,3,3
8,4,3
6,5,3
9,6,3
11,7,3
12,8,3
10,9,3
13,10,3
15,11,3
16,12,3
14,13,3
17,14,3
19,15,3
20,16,3
18,17,3
21,18,3
23,19,3
24,20,3
22,21,3
25,22,3
27,23,3
28,24,3
26,25,3
29,26,3
31,27,3
32,28,3
30,29,3
33,30,3
35,31,3
36,32,3
34,33,3
37,34,3
39,35,3
40,36,3
38,37,3
41,38,3
43,39,3
44,40,3
42,41,3
45,42,3
47,43,3
48,44,3
46,45,3
49,46,3
50,49,3
9,4,4
10,5,4
6,6,4
11,5,5
10,6,5
8,7,5
13,8,5
14,9,5
15,10,5
12,11,5
17,12,5
18,13,5
19,14,5
16,15,5
21,16,5
22,17,5
23,18,5
20,19,5
25,20,5
26,21,5
27,22,5
24,23,5
29,24,5
30,25,5
31,26,5
28,27,5
33,28,5
34,29,5
35,30,5
32,31,5
37,32,5
38,33,5
39,34,5
36,35,5
41,36,5
42,37,5
43,38,5
40,39,5
45,40,5
46,41,5
47,42,5
44,43,5
49,44,5
50,45,5
48,47,5
12,6,6
13,7,6
8,8,6
14,7,7
15,8,7
13,9,7
10,10,7
16,8,8
15,9,8
17,10,8
18,11,8
19,12,8
13,13,8
17,9,9
18,10,9
19,11,9
15,12,9
20,13,9
21,14,9
22,15,9
23,16,9
24,17,9
25,18,9
26,19,9
27,20,9
28,21,9
29,22,9
30,23,9
31,24,9
32,25,9
33,26,9
34,27,9
35,28,9
36,29,9
37,30,9
38,31,9
39,32,9
40,33,9
41,34,9
42,35,9
43,36,9
44,37,9
45,38,9
46,39,9
47,40,9
48,41,9
49,42,9
50,43,9
19,10,10
20,11,10
18,12,10
21,13,10
22,14,10
15,15,10
21,11,11
20,12,11
22,13,11
18,14,11
23,15,11
24,16,11
25,17,11
26,18,11
27,19,11
28,20,11
29,21,11
30,22,11
31,23,11
32,24,11
33,25,11
34,26,11
35,27,11
36,28,11
37,29,11
38,30,11
39,31,11
40,32,11
41,33,11
42,34,11
43,35,11
44,36,11
45,37,11
46,38,11
47,39,11
48,40,11
49,41,11
50,42,11
22,12,12
23,13,12
20,14,12
24,15,12
25,16,12
26,17,12
18,18,12
24,13,13
23,14,13
20,15,13
26,16,13
27,17,13
28,18,13
25,19,13
29,20,13
30,21,13
31,22,13
32,23,13
33,24,13
34,25,13
35,26,13
36,27,13
37,28,13
38,29,13
39,30,13
40,31,13
41,32,13
42,33,13
43,34,13
44,35,13
45,36,13
46,37,13
47,38,13
48,39,13
49,40,13
50,41,13
25,14,14
26,15,14
27,16,14
23,17,14
29,18,14
28,19,14
20,20,14
27,15,15
28,16,15
29,17,15
30,18,15
31,19,15
23,20,15
32,21,15
26,22,15
33,23,15
34,24,15
35,25,15
36,26,15
37,27,15
38,28,15
39,29,15
40,30,15
41,31,15
42,32,15
43,33,15
44,34,15
45,35,15
46,36,15
47,37,15
48,38,15
49,39,15
50,40,15
29,16,16
28,17,16
31,18,16
30,19,16
26,20,16
33,21,16
32,22,16
23,23,16
30,17,17
32,18,17
33,19,17
31,20,17
34,21,17
28,22,17
35,23,17
36,24,17
37,25,17
26,26,17
33,18,18
32,19,18
34,20,18
31,21,18
35,22,18
28,23,18
37,24,18
36,25,18
38,26,18
39,27,18
40,28,18
41,29,18
42,30,18
43,31,18
44,32,18
45,33,18
46,34,18
47,35,18
48,36,18
49,37,18
50,38,18
34,19,19
32,20,19
35,21,19
36,22,19
37,23,19
38,24,19
31,25,19
39,26,19
40,27,19
28,28,19
35,20,20
36,21,20
37,22,20
38,23,20
39,24,20
40,25,20
32,26,20
41,27,20
31,28,20
42,29,20
43,30,20
44,31,20
45,32,20
46,33,20
47,34,20
48,35,20
49,36,20
50,37,20
37,21,21
38,22,21
36,23,21
40,24,21
39,25,21
41,26,21
32,27,21
42,28,21
43,29,21
44,30,21
31,31,21
39,22,22
40,23,22
41,24,22
38,25,22
42,26,22
43,27,22
44,28,22
45,29,22
36,30,22
46,31,22
32,32,22
41,23,23
42,24,23
43,25,23
40,26,23
38,27,23
45,28,23
44,29,23
46,30,23
36,31,23
47,32,23
48,33,23
49,34,23
50,35,23
43,24,24
42,25,24
44,26,24
45,27,24
46,28,24
40,29,24
47,30,24
48,31,24
38,32,24
49,33,24
50,34,24
36,36,24
44,25,25
45,26,25
42,27,25
47,28,25
46,29,25
48,30,25
49,31,25
50,32,25
38,34,25
40,35,25
46,26,26
47,27,26
48,28,26
49,29,26
45,30,26
42,31,26
50,33,26
40,34,26
38,38,26
48,27,27
49,28,27
47,29,27
50,30,27
45,31,27
42,36,27
40,40,27
50,28,28
49,30,28
47,31,28
45,34,28
42,38,28
49,32,29
47,33,29
45,39,29
42,42,29
49,35,30
47,36,30
45,41,30
49,38,31
47,41,31
45,45,31
49,43,32
47,44,32
49,45,33
47,47,33
49,49,34
